 1.5     0.999     0.999  0.000966        -2    0.0228     0.667    12  63019 
 1.6     0.999     0.999   0.00149     -1.99    0.0327     0.667    12  63019 
 1.7     0.998     0.998   0.00219     -1.99    0.0449     0.667    12  63019 
 1.8     0.997     0.997   0.00321     -1.98    0.0613     0.667    12  63019 
 1.9     0.996     0.996   0.00437     -1.98    0.0783     0.667    12  63019 
   2     0.995     0.995   0.00606     -1.97     0.101     0.667    12  63019 
 2.1     0.993     0.993   0.00804     -1.96     0.126     0.667    12  63019 
 2.2      0.99      0.99    0.0103     -1.94     0.151     0.667    12  63019 
 2.3     0.987     0.987    0.0133     -1.93     0.182     0.667    12  63019 
 2.4     0.984     0.984    0.0165     -1.91     0.212     0.667    12  63019 
 2.5     0.979     0.979    0.0213     -1.88     0.255     0.667    12  63019 
 2.6     0.975     0.975     0.026     -1.86     0.291     0.667    12  63019 
 2.7     0.969     0.969     0.032     -1.82     0.333     0.667    12  63019 
 2.8     0.962     0.962    0.0387     -1.79     0.375     0.667    12  63019 
 2.9     0.955     0.955    0.0468     -1.75     0.419     0.667    12  63019 
   3     0.946     0.946    0.0567     -1.71      0.47     0.667    12  63019 
 3.1     0.936     0.936    0.0676     -1.66     0.515     0.666    12  63019 
 3.2     0.925     0.925    0.0827      -1.6     0.578     0.666    12  63019 
 3.3     0.912     0.912     0.101     -1.54     0.641     0.666    12  63019 
 3.4     0.897     0.897     0.122     -1.47     0.699     0.666    12  63019 
 3.5     0.881     0.881     0.148      -1.4     0.759     0.666    12  63019 
 3.6     0.862     0.862     0.184     -1.32     0.848     0.666    12  63019 
 3.7      0.84      0.84     0.228     -1.23     0.917     0.666    12  63019 
 3.8     0.815     0.815     0.287     -1.13      1.01     0.665    12  63019 
 3.9     0.786     0.786     0.386     -1.03      1.13     0.665    12  63019 
   4      0.75      0.75      0.52    -0.906      1.25     0.664    12  63019 
 4.1     0.709     0.709     0.743    -0.778      1.41     0.662    12  63019 
 4.2     0.655     0.655      1.11    -0.631      1.54     0.659    12  63019 
 4.3      0.59      0.59      1.88    -0.476      1.74     0.651    12  63019 
 4.4  -0.00219     0.476      5.25    -0.274      2.14     0.613    12  63019 
 4.5   0.00561     0.333      8.09   -0.0861      1.76     0.511    12  63019 
 4.6    0.0135       0.2      5.98    0.0569     0.909     0.303    12  63019 
 4.7   0.00366      0.14      3.55     0.128     0.536     0.164    12  63019 
 4.8  -0.00449      0.11      2.35     0.175     0.397     0.078    12  63019 
 4.9  -0.00163    0.0985      1.83     0.209     0.335    0.0868    12  63019 
   5  -0.00369    0.0845      1.38     0.241     0.288    0.0382    12  63019 
 5.1   0.00374    0.0752      1.08     0.268     0.255     0.016    12  63019 
 5.2  -0.00126    0.0705     0.925     0.292     0.224    0.0332    12  63019 
 5.3  7.65e-05    0.0649     0.777     0.314     0.209    0.0107    12  63019 
 5.4   0.00167    0.0608     0.665     0.335     0.192      0.02    12  63019 
 5.5  0.000821    0.0574     0.591     0.352     0.178    0.0151    12  63019 
 5.6   0.00252    0.0544     0.521      0.37     0.167   0.00942    12  63019 
 5.7  7.74e-05    0.0525     0.475     0.386     0.155   0.00521    12  63019 
 5.8  7.94e-05    0.0497     0.417     0.401     0.145    0.0105    12  63019 
 5.9 -0.000789    0.0486     0.395     0.415     0.137 -0.000728    12  63019 
   6  0.000315    0.0468     0.364     0.429      0.13   0.00212    12  63019 
