 1.5     0.999     0.999  0.000924        -2    0.0218     0.667     6  60082 
 1.6     0.999     0.999   0.00155     -1.99    0.0339     0.667     6  60082 
 1.7     0.998     0.998   0.00226     -1.99    0.0463     0.667     6  60082 
 1.8     0.997     0.997   0.00327     -1.98    0.0623     0.667     6  60082 
 1.9     0.996     0.996   0.00447     -1.98    0.0799     0.667     6  60082 
   2     0.995     0.995   0.00607     -1.97     0.102     0.667     6  60082 
 2.1     0.993     0.993   0.00795     -1.96     0.125     0.667     6  60082 
 2.2      0.99      0.99    0.0103     -1.94     0.152     0.667     6  60082 
 2.3     0.987     0.987    0.0132     -1.93     0.182     0.666     6  60082 
 2.4     0.984     0.984    0.0171     -1.91     0.219     0.666     6  60082 
 2.5     0.979     0.979     0.021     -1.88     0.252     0.666     6  60082 
 2.6     0.974     0.974     0.026     -1.85      0.29     0.666     6  60082 
 2.7     0.969     0.969    0.0324     -1.82     0.336     0.666     6  60082 
 2.8     0.962     0.962    0.0379     -1.79     0.369     0.666     6  60082 
 2.9     0.954     0.954    0.0474     -1.75     0.423     0.666     6  60082 
   3     0.946     0.946    0.0566     -1.71     0.469     0.666     6  60082 
 3.1     0.936     0.936    0.0681     -1.66     0.524     0.665     6  60082 
 3.2     0.925     0.925    0.0835      -1.6     0.586     0.665     6  60082 
 3.3     0.911     0.911     0.104     -1.54     0.653     0.664     6  60082 
 3.4     0.897     0.897     0.123     -1.47     0.699     0.664     6  60082 
 3.5      0.88      0.88     0.154      -1.4     0.789     0.663     6  60082 
 3.6     0.862     0.862     0.183     -1.32     0.839     0.661     6  60082 
 3.7      0.84      0.84     0.234     -1.23     0.934      0.66     6  60082 
 3.8     0.814     0.814     0.302     -1.13      1.03     0.657     6  60082 
 3.9     0.687     0.786     0.407     -1.03      1.13     0.653     6  60082 
   4   -0.0816     0.748     0.593    -0.907      1.29     0.646     6  60082 
 4.1     0.238     0.702     0.836    -0.768      1.38     0.636     6  60082 
 4.2    -0.145     0.645      1.26    -0.623      1.53     0.616     6  60082 
 4.3    0.0429      0.58      1.61    -0.466      1.54     0.589     6  60082 
 4.4    0.0325     0.511      1.89    -0.319      1.47     0.547     6  60082 
 4.5    0.0188     0.436         2    -0.175      1.26     0.489     6  60082 
 4.6    0.0141      0.38      1.85   -0.0683      1.02     0.438     6  60082 
 4.7    -0.014     0.331      1.67    0.0206     0.815     0.378     6  60082 
 4.8  -0.00674     0.283      1.41     0.102     0.615     0.311     6  60082 
 4.9    0.0154     0.254      1.22     0.154     0.495     0.263     6  60082 
   5 -0.000653     0.234      1.07     0.195      0.42     0.228     6  60082 
 5.1  -0.00172     0.213     0.913     0.234     0.347     0.192     6  60082 
 5.2   0.00824     0.197     0.789     0.266     0.295     0.161     6  60082 
 5.3   0.00109     0.183     0.679     0.296     0.254     0.147     6  60082 
 5.4   0.00159     0.174     0.614     0.319     0.229     0.129     6  60082 
 5.5 -6.22e-05     0.166     0.566     0.338     0.209     0.112     6  60082 
 5.6     0.004     0.153     0.478     0.363     0.183    0.0946     6  60082 
 5.7   0.00111     0.147      0.44      0.38     0.169    0.0823     6  60082 
 5.8 -0.000293     0.144     0.418     0.393     0.162    0.0588     6  60082 
 5.9 -0.000367     0.137     0.373     0.411     0.146    0.0661     6  60082 
   6  0.000908     0.134     0.354     0.424     0.137    0.0586     6  60082 
