 1.5     0.999     0.999  0.000939        -2    0.0221     0.667    16  41394 
 1.6     0.999     0.999    0.0015     -1.99    0.0328     0.667    16  41394 
 1.7     0.998     0.998   0.00223     -1.99    0.0457     0.667    16  41394 
 1.8     0.997     0.997    0.0032     -1.98    0.0611     0.667    16  41394 
 1.9     0.996     0.996   0.00445     -1.98    0.0795     0.667    16  41394 
   2     0.995     0.995   0.00607     -1.97     0.101     0.667    16  41394 
 2.1     0.993     0.993   0.00802     -1.96     0.125     0.667    16  41394 
 2.2      0.99      0.99    0.0102     -1.94      0.15     0.667    16  41394 
 2.3     0.987     0.987    0.0133     -1.93     0.182     0.667    16  41394 
 2.4     0.984     0.984    0.0169     -1.91     0.216     0.667    16  41394 
 2.5     0.979     0.979    0.0208     -1.88     0.249     0.667    16  41394 
 2.6     0.975     0.975    0.0261     -1.86     0.291     0.667    16  41394 
 2.7     0.969     0.969     0.031     -1.83     0.323     0.667    16  41394 
 2.8     0.962     0.962    0.0388     -1.79     0.376     0.667    16  41394 
 2.9     0.955     0.955    0.0473     -1.75     0.425     0.667    16  41394 
   3     0.946     0.946    0.0566     -1.71     0.469     0.667    16  41394 
 3.1     0.936     0.936    0.0681     -1.66     0.517     0.667    16  41394 
 3.2     0.925     0.925    0.0831      -1.6      0.58     0.667    16  41394 
 3.3     0.912     0.912     0.102     -1.54     0.645     0.667    16  41394 
 3.4     0.897     0.897      0.12     -1.47     0.697     0.667    16  41394 
 3.5     0.881     0.881     0.152      -1.4     0.784     0.666    16  41394 
 3.6     0.862     0.862     0.184     -1.32     0.845     0.666    16  41394 
 3.7      0.84      0.84     0.229     -1.23     0.924     0.666    16  41394 
 3.8     0.815     0.815     0.289     -1.13      1.01     0.666    16  41394 
 3.9     0.786     0.786     0.371     -1.03      1.09     0.666    16  41394 
   4     0.751     0.751     0.524    -0.908      1.26     0.665    16  41394 
 4.1     0.709     0.709     0.716    -0.779      1.36     0.665    16  41394 
 4.2     0.657     0.657      1.07    -0.635      1.51     0.663    16  41394 
 4.3     0.588     0.588       1.9    -0.472      1.78     0.659    16  41394 
 4.4    0.0734     0.482      5.48    -0.279      2.16     0.641    16  41394 
 4.5    0.0176     0.276      15.6   -0.0508      1.99     0.484    16  41394 
 4.6  -0.00248     0.147      7.98    0.0748     0.802     0.255    16  41394 
 4.7  -0.00566    0.0929      4.04     0.136      0.48    0.0709    16  41394 
 4.8  -0.00464    0.0759      2.54     0.177     0.375    0.0975    16  41394 
 4.9 -0.000989    0.0623      1.85     0.212     0.326   0.00316    16  41394 
   5  0.000192    0.0539      1.33     0.241     0.281    0.0473    16  41394 
 5.1   0.00131    0.0497      1.11     0.269     0.252    0.0347    16  41394 
 5.2  -0.00249    0.0453     0.917     0.293     0.227   0.00684    16  41394 
 5.3   0.00232    0.0415     0.774     0.314     0.208    -0.017    16  41394 
 5.4  -0.00023    0.0394     0.675     0.334     0.189  -0.00283    16  41394 
 5.5  0.000851    0.0379     0.604     0.352      0.18    0.0086    16  41394 
 5.6  0.000271    0.0355     0.518      0.37     0.166    0.0125    16  41394 
 5.7 -0.000618     0.034     0.474     0.386     0.154    0.0164    16  41394 
 5.8  0.000805    0.0328     0.429     0.401     0.145   0.00918    16  41394 
 5.9  0.000628    0.0315      0.39     0.415     0.137    0.0153    16  41394 
   6 -0.000516    0.0306      0.36     0.428     0.129    0.0155    16  41394 
