 1.5     0.999     0.999  0.000958        -2    0.0225     0.667    10   9723 
 1.6     0.999     0.999   0.00148     -1.99    0.0323     0.667    10   9723 
 1.7     0.998     0.998   0.00225     -1.99    0.0459     0.667    10   9723 
 1.8     0.997     0.997    0.0032     -1.98    0.0612     0.667    10   9723 
 1.9     0.996     0.996   0.00443     -1.98    0.0792     0.667    10   9723 
   2     0.994     0.994   0.00618     -1.97     0.103     0.667    10   9723 
 2.1     0.993     0.993   0.00814     -1.96     0.127     0.667    10   9723 
 2.2      0.99      0.99    0.0105     -1.94     0.154     0.667    10   9723 
 2.3     0.987     0.987    0.0132     -1.93     0.181     0.667    10   9723 
 2.4     0.984     0.984    0.0167     -1.91     0.215     0.667    10   9723 
 2.5      0.98      0.98    0.0208     -1.88     0.249     0.667    10   9723 
 2.6     0.975     0.975    0.0259     -1.86     0.289     0.667    10   9723 
 2.7     0.969     0.969    0.0315     -1.82     0.328     0.667    10   9723 
 2.8     0.962     0.962    0.0397     -1.79     0.384     0.667    10   9723 
 2.9     0.954     0.954    0.0476     -1.75     0.428     0.666    10   9723 
   3     0.946     0.946    0.0563     -1.71     0.466     0.666    10   9723 
 3.1     0.936     0.936    0.0688     -1.66     0.524     0.666    10   9723 
 3.2     0.924     0.924    0.0844      -1.6     0.584     0.666    10   9723 
 3.3     0.912     0.912       0.1     -1.54     0.638     0.666    10   9723 
 3.4     0.897     0.897     0.125     -1.47     0.716     0.666    10   9723 
 3.5      0.88      0.88     0.151      -1.4     0.777     0.666    10   9723 
 3.6     0.861     0.861     0.186     -1.32     0.852     0.665    10   9723 
 3.7      0.84      0.84     0.232     -1.23     0.927     0.665    10   9723 
 3.8     0.816     0.816     0.291     -1.14      1.01     0.665    10   9723 
 3.9     0.786     0.786     0.379     -1.03      1.11     0.664    10   9723 
   4     0.751     0.751     0.512     -0.91      1.24     0.662    10   9723 
 4.1     0.708     0.708     0.734    -0.776      1.38     0.659    10   9723 
 4.2     0.657     0.657       1.1    -0.634       1.5     0.654    10   9723 
 4.3   -0.0721     0.587      1.97    -0.472      1.75      0.64    10   9723 
 4.4   -0.0836     0.469      4.97     -0.27      2.08     0.585    10   9723 
 4.5    0.0397     0.353      5.73   -0.0991      1.63     0.497    10   9723 
 4.6    0.0017     0.252      4.67    0.0285      1.02     0.367    10   9723 
 4.7   0.00694     0.184      3.28     0.114     0.635     0.229    10   9723 
 4.8   -0.0095      0.15      2.35     0.166     0.458     0.154    10   9723 
 4.9  -0.00215     0.126      1.69     0.207     0.352     0.117    10   9723 
   5   0.00134     0.109      1.28      0.24     0.294    0.0702    10   9723 
 5.1   0.00142    0.0998      1.07     0.267     0.259    0.0544    10   9723 
 5.2 -0.000399    0.0927     0.908     0.291     0.236    0.0602    10   9723 
 5.3  -0.00162    0.0862     0.784     0.312     0.216    0.0289    10   9723 
 5.4 -0.000673    0.0794      0.66     0.334     0.195    0.0165    10   9723 
 5.5  0.000163    0.0753     0.575     0.353     0.177    0.0343    10   9723 
 5.6   0.00138    0.0715     0.523     0.369     0.166   0.00404    10   9723 
 5.7 -6.84e-05    0.0693      0.47     0.385     0.155    0.0289    10   9723 
 5.8  0.000273    0.0668     0.432       0.4     0.146    0.0228    10   9723 
 5.9   0.00208    0.0633     0.384     0.415     0.139    0.0084    10   9723 
   6   0.00152    0.0622     0.361     0.429      0.13    0.0159    10   9723 
