 1.5     0.999     0.999  0.000953        -2    0.0224     0.667    20  53966 
 1.6     0.999     0.999   0.00148     -1.99    0.0324     0.667    20  53966 
 1.7     0.998     0.998   0.00222     -1.99    0.0455     0.667    20  53966 
 1.8     0.997     0.997   0.00322     -1.98    0.0616     0.667    20  53966 
 1.9     0.996     0.996   0.00447     -1.98    0.0798     0.667    20  53966 
   2     0.995     0.995   0.00611     -1.97     0.102     0.667    20  53966 
 2.1     0.993     0.993     0.008     -1.96     0.125     0.667    20  53966 
 2.2      0.99      0.99    0.0103     -1.94     0.152     0.667    20  53966 
 2.3     0.987     0.987    0.0135     -1.93     0.185     0.667    20  53966 
 2.4     0.984     0.984    0.0169     -1.91     0.216     0.667    20  53966 
 2.5     0.979     0.979    0.0209     -1.88      0.25     0.667    20  53966 
 2.6     0.975     0.975    0.0257     -1.86     0.288     0.667    20  53966 
 2.7     0.969     0.969    0.0319     -1.82     0.332     0.667    20  53966 
 2.8     0.962     0.962    0.0384     -1.79     0.372     0.667    20  53966 
 2.9     0.955     0.955     0.047     -1.75     0.422     0.667    20  53966 
   3     0.946     0.946    0.0561     -1.71     0.464     0.667    20  53966 
 3.1     0.936     0.936    0.0677     -1.66     0.517     0.667    20  53966 
 3.2     0.925     0.925    0.0835      -1.6     0.581     0.667    20  53966 
 3.3     0.912     0.912     0.101     -1.54     0.639     0.667    20  53966 
 3.4     0.897     0.897     0.124     -1.47     0.708     0.667    20  53966 
 3.5     0.881     0.881     0.149      -1.4     0.768     0.667    20  53966 
 3.6     0.862     0.862     0.186     -1.32     0.854     0.667    20  53966 
 3.7      0.84      0.84     0.231     -1.23     0.932     0.666    20  53966 
 3.8     0.815     0.815     0.295     -1.13      1.02     0.666    20  53966 
 3.9     0.786     0.786     0.384     -1.03      1.13     0.666    20  53966 
   4     0.752     0.752     0.509     -0.91      1.23     0.666    20  53966 
 4.1     0.709     0.709     0.706    -0.778      1.36     0.666    20  53966 
 4.2     0.657     0.657      1.06    -0.635       1.5     0.665    20  53966 
 4.3     0.588     0.588      1.87    -0.472      1.74     0.663    20  53966 
 4.4     0.483     0.483      4.43    -0.278      2.05     0.654    20  53966 
 4.5    0.0585     0.277      22.3   -0.0536       2.3     0.529    20  53966 
 4.6  -0.00395      0.11       9.9    0.0811     0.732     0.182    20  53966 
 4.7   0.00369    0.0665      4.11     0.138     0.452    0.0435    20  53966 
 4.8    0.0015    0.0525      2.57     0.178     0.373    0.0353    20  53966 
 4.9 -0.000177    0.0445      1.84     0.212     0.317    0.0278    20  53966 
   5  0.000157    0.0392       1.4     0.242     0.279     0.014    20  53966 
 5.1 -0.000998    0.0355       1.1     0.269      0.25    0.0308    20  53966 
 5.2 -0.000335    0.0322     0.918     0.292     0.226  -0.00857    20  53966 
 5.3 -0.000465    0.0299     0.749     0.314     0.209    0.0355    20  53966 
 5.4  0.000864    0.0281      0.67     0.334      0.19  -0.00377    20  53966 
 5.5  0.000274    0.0271     0.619     0.353     0.178   -0.0193    20  53966 
 5.6 -5.57e-05    0.0257     0.526      0.37     0.166    0.0248    20  53966 
 5.7  0.000868    0.0244      0.48     0.386     0.157    -0.013    20  53966 
 5.8 -3.62e-05    0.0232     0.425     0.401     0.144   -0.0102    20  53966 
 5.9  0.000278    0.0226     0.399     0.415     0.137   -0.0147    20  53966 
   6 -0.000108     0.022     0.368     0.428     0.129    0.0171    20  53966 
