 1.5     0.999     0.999   0.00103        -2    0.0243     0.667     4  29318 
 1.6     0.999     0.999   0.00151     -1.99    0.0331     0.667     4  29318 
 1.7     0.998     0.998   0.00212     -1.99    0.0435     0.667     4  29318 
 1.8     0.997     0.997   0.00327     -1.98     0.062     0.667     4  29318 
 1.9     0.996     0.996   0.00446     -1.98    0.0797     0.666     4  29318 
   2     0.995     0.995   0.00586     -1.97    0.0982     0.666     4  29318 
 2.1     0.993     0.993   0.00796     -1.96     0.125     0.666     4  29318 
 2.2      0.99      0.99    0.0102     -1.94      0.15     0.666     4  29318 
 2.3     0.987     0.987    0.0134     -1.93     0.183     0.666     4  29318 
 2.4     0.984     0.984    0.0165     -1.91     0.211     0.666     4  29318 
 2.5     0.979     0.979    0.0209     -1.88     0.252     0.666     4  29318 
 2.6     0.974     0.974    0.0261     -1.86     0.289     0.665     4  29318 
 2.7     0.969     0.969    0.0319     -1.82     0.329     0.665     4  29318 
 2.8     0.963     0.963    0.0383     -1.79     0.371     0.664     4  29318 
 2.9     0.577     0.954     0.051     -1.75     0.426     0.664     4  29318 
   3     -0.73     0.945    0.0629      -1.7     0.487     0.663     4  29318 
 3.1     0.936     0.936    0.0702     -1.66     0.525     0.662     4  29318 
 3.2     -0.73     0.925     0.088      -1.6     0.584     0.661     4  29318 
 3.3    -0.853     0.911      0.11     -1.54     0.652     0.659     4  29318 
 3.4      0.22     0.894     0.146     -1.46     0.746     0.656     4  29318 
 3.5   -0.0109     0.876     0.174     -1.38     0.802     0.653     4  29318 
 3.6    -0.011     0.855      0.23      -1.3     0.897     0.649     4  29318 
 3.7    -0.087      0.83     0.301     -1.21         1     0.643     4  29318 
 3.8    -0.141     0.805     0.369     -1.11      1.06     0.636     4  29318 
 3.9    0.0237     0.766     0.489    -0.986      1.18     0.623     4  29318 
   4    0.0223     0.734      0.57    -0.881       1.2     0.612     4  29318 
 4.1   -0.0279     0.691     0.677    -0.753      1.23     0.594     4  29318 
 4.2    -0.025     0.649     0.744    -0.631      1.21     0.574     4  29318 
 4.3    0.0528      0.61     0.791    -0.521      1.15     0.553     4  29318 
 4.4   0.00553     0.567     0.821    -0.407      1.08     0.527     4  29318 
 4.5    0.0157      0.53     0.825    -0.312     0.988     0.501     4  29318 
 4.6   -0.0294     0.488     0.821    -0.209     0.893     0.466     4  29318 
 4.7   -0.0213      0.46     0.789    -0.141     0.795     0.442     4  29318 
 4.8   -0.0197     0.426     0.745   -0.0595     0.694     0.409     4  29318 
 4.9  -0.00965     0.398     0.697    0.0073     0.611     0.377     4  29318 
   5   -0.0173     0.372      0.64    0.0714     0.523     0.346     4  29318 
 5.1  -0.00789     0.354       0.6     0.112      0.47     0.323     4  29318 
 5.2   -0.0058     0.337     0.558     0.154     0.417     0.303     4  29318 
 5.3   0.00432     0.318     0.509     0.198     0.362     0.279     4  29318 
 5.4 -0.000864     0.298     0.462     0.242     0.313     0.249     4  29318 
 5.5 -1.25e-06     0.286     0.435      0.27     0.288     0.222     4  29318 
 5.6   0.00461     0.279     0.412     0.289     0.264     0.219     4  29318 
 5.7   0.00536     0.267     0.383     0.315     0.241     0.194     4  29318 
 5.8  0.000706     0.259     0.356     0.339     0.218     0.185     4  29318 
 5.9   0.00156     0.249     0.327     0.361     0.194     0.178     4  29318 
   6   0.00173     0.242     0.308     0.378      0.18     0.163     4  29318 
