 1.5     0.999     0.999  0.000947        -2    0.0223     0.667    14  49622 
 1.6     0.999     0.999   0.00152     -1.99    0.0332     0.667    14  49622 
 1.7     0.998     0.998    0.0022     -1.99    0.0451     0.667    14  49622 
 1.8     0.997     0.997   0.00319     -1.98    0.0609     0.667    14  49622 
 1.9     0.996     0.996   0.00443     -1.98    0.0792     0.667    14  49622 
   2     0.995     0.995   0.00607     -1.97     0.102     0.667    14  49622 
 2.1     0.993     0.993   0.00791     -1.96     0.124     0.667    14  49622 
 2.2      0.99      0.99    0.0105     -1.94     0.153     0.667    14  49622 
 2.3     0.987     0.987    0.0133     -1.93     0.182     0.667    14  49622 
 2.4     0.984     0.984    0.0168     -1.91     0.216     0.667    14  49622 
 2.5     0.979     0.979    0.0205     -1.88     0.246     0.667    14  49622 
 2.6     0.975     0.975    0.0254     -1.86     0.284     0.667    14  49622 
 2.7     0.969     0.969    0.0315     -1.82     0.329     0.667    14  49622 
 2.8     0.962     0.962    0.0382     -1.79     0.369     0.667    14  49622 
 2.9     0.955     0.955    0.0471     -1.75     0.422     0.667    14  49622 
   3     0.946     0.946    0.0569     -1.71     0.472     0.667    14  49622 
 3.1     0.936     0.936    0.0679     -1.66     0.518     0.667    14  49622 
 3.2     0.925     0.925    0.0846      -1.6     0.589     0.667    14  49622 
 3.3     0.912     0.912       0.1     -1.54     0.635     0.666    14  49622 
 3.4     0.897     0.897     0.123     -1.47      0.71     0.666    14  49622 
 3.5     0.881     0.881     0.151      -1.4     0.781     0.666    14  49622 
 3.6     0.862     0.862     0.182     -1.32     0.835     0.666    14  49622 
 3.7      0.84      0.84     0.231     -1.23     0.934     0.666    14  49622 
 3.8     0.815     0.815     0.291     -1.13      1.01     0.666    14  49622 
 3.9     0.786     0.786     0.383     -1.03      1.12     0.666    14  49622 
   4     0.751     0.751     0.505    -0.908      1.23     0.665    14  49622 
 4.1      0.71      0.71     0.711     -0.78      1.37     0.664    14  49622 
 4.2     0.656     0.656      1.12    -0.632      1.55     0.662    14  49622 
 4.3     0.587     0.587      2.06     -0.47      1.81     0.655    14  49622 
 4.4     0.482     0.482      5.13     -0.28       2.2      0.63    14  49622 
 4.5   -0.0133     0.311      10.6    -0.069      1.85     0.517    14  49622 
 4.6  -0.00831     0.172      7.48    0.0654     0.886     0.268    14  49622 
 4.7   0.00609      0.12      4.12     0.131     0.513     0.172    14  49622 
 4.8   0.00119    0.0891      2.44     0.177     0.382     0.084    14  49622 
 4.9  -0.00612    0.0751      1.81     0.213     0.323    0.0143    14  49622 
   5   0.00171    0.0678      1.43     0.242     0.283    0.0157    14  49622 
 5.1  -0.00151    0.0607       1.1     0.269      0.25    0.0331    14  49622 
 5.2   -0.0026    0.0561     0.936     0.291     0.226   0.00799    14  49622 
 5.3   0.00105    0.0516     0.785     0.314      0.21    0.0185    14  49622 
 5.4 -0.000494     0.049     0.692     0.334     0.192   0.00724    14  49622 
 5.5  -0.00156    0.0451     0.565     0.353      0.18    0.0279    14  49622 
 5.6  -0.00029    0.0433     0.521      0.37     0.165    0.0129    14  49622 
 5.7 -0.000713    0.0417     0.472     0.386     0.156     0.014    14  49622 
 5.8   0.00174      0.04     0.421     0.401     0.145    0.0252    14  49622 
 5.9  0.000885    0.0385     0.391     0.414     0.138   0.00554    14  49622 
   6  0.000289    0.0373     0.361     0.428     0.129   0.00425    14  49622 
