 1.5     0.999     0.999   0.00094        -2    0.0221     0.667     8  55881 
 1.6     0.999     0.999   0.00146     -1.99     0.032     0.667     8  55881 
 1.7     0.998     0.998   0.00226     -1.99    0.0462     0.667     8  55881 
 1.8     0.997     0.997   0.00319     -1.98    0.0609     0.667     8  55881 
 1.9     0.996     0.996   0.00448     -1.98    0.0801     0.667     8  55881 
   2     0.994     0.994   0.00611     -1.97     0.102     0.667     8  55881 
 2.1     0.993     0.993     0.008     -1.96     0.125     0.667     8  55881 
 2.2      0.99      0.99    0.0104     -1.94     0.152     0.667     8  55881 
 2.3     0.987     0.987    0.0134     -1.93     0.184     0.667     8  55881 
 2.4     0.984     0.984     0.017     -1.91     0.219     0.667     8  55881 
 2.5     0.979     0.979    0.0209     -1.88     0.252     0.667     8  55881 
 2.6     0.975     0.975    0.0255     -1.86     0.286     0.666     8  55881 
 2.7     0.969     0.969    0.0315     -1.82     0.329     0.666     8  55881 
 2.8     0.962     0.962    0.0378     -1.79     0.365     0.666     8  55881 
 2.9     0.954     0.954    0.0467     -1.75     0.418     0.666     8  55881 
   3     0.946     0.946     0.057     -1.71     0.471     0.666     8  55881 
 3.1     0.936     0.936     0.069     -1.66     0.526     0.666     8  55881 
 3.2     0.925     0.925    0.0832      -1.6     0.577     0.666     8  55881 
 3.3     0.912     0.912     0.101     -1.54     0.643     0.666     8  55881 
 3.4     0.897     0.897     0.124     -1.47     0.711     0.665     8  55881 
 3.5     0.881     0.881      0.15      -1.4     0.776     0.665     8  55881 
 3.6     0.861     0.861     0.189     -1.32     0.864     0.664     8  55881 
 3.7     0.839     0.839     0.236     -1.23     0.942     0.664     8  55881 
 3.8     0.815     0.815     0.291     -1.13      1.02     0.662     8  55881 
 3.9     0.787     0.787     0.374     -1.03       1.1     0.661     8  55881 
   4      0.75      0.75     0.507    -0.905      1.22     0.658     8  55881 
 4.1     0.707     0.708     0.814    -0.777      1.43     0.652     8  55881 
 4.2    -0.401     0.653      1.26    -0.631      1.59     0.642     8  55881 
 4.3     0.203     0.579      2.16    -0.463      1.76     0.618     8  55881 
 4.4   0.00667      0.48      3.38    -0.283      1.77     0.565     8  55881 
 4.5   -0.0448      0.38      3.58    -0.117      1.43     0.487     8  55881 
 4.6  -0.00151     0.296      3.12   0.00613     0.992     0.388     8  55881 
 4.7   0.00998     0.245      2.56    0.0853      0.74     0.304     8  55881 
 4.8  -0.00504     0.205      1.99     0.147     0.535     0.235     8  55881 
 4.9   0.00251      0.17      1.52     0.197     0.393     0.155     8  55881 
   5  -0.00171     0.153      1.25      0.23     0.329      0.12     8  55881 
 5.1    0.0102     0.139      1.01     0.263     0.279      0.11     8  55881 
 5.2  -0.00253      0.13     0.857     0.287     0.242      0.11     8  55881 
 5.3 -0.000831      0.12      0.76     0.309     0.226    0.0549     8  55881 
 5.4  -0.00329     0.113     0.651      0.33     0.199    0.0712     8  55881 
 5.5   0.00016     0.107      0.58      0.35     0.184    0.0608     8  55881 
 5.6  -0.00138       0.1     0.512     0.368     0.171    0.0254     8  55881 
 5.7  0.000152    0.0959     0.459     0.385     0.156    0.0399     8  55881 
 5.8   0.00177    0.0928     0.426     0.399     0.148    0.0202     8  55881 
 5.9  -0.00153    0.0891     0.382     0.415     0.138    0.0362     8  55881 
   6   0.00382    0.0871     0.361     0.428     0.133    0.0267     8  55881 
