 0.5         1         1         0        -2         0     0.667    12  32712 
 0.6         1         1  1.39e-05        -2   0.00037     0.667    12  32712 
 0.7         1         1  5.35e-05        -2   0.00122     0.667    12  32712 
 0.8         1         1  0.000265        -2   0.00525     0.667    12  32712 
 0.9         1         1  0.000732        -2     0.012     0.667    12  32712 
   1     0.999     0.999   0.00155        -2    0.0237     0.667    12  32712 
 1.1     0.998     0.998   0.00332     -1.99    0.0425     0.667    12  32712 
 1.2     0.997     0.997   0.00597     -1.99    0.0677     0.667    12  32712 
 1.3     0.995     0.995     0.011     -1.98     0.104     0.667    12  32712 
 1.4     0.992     0.992    0.0163     -1.97     0.141     0.666    12  32712 
 1.5     0.986     0.986    0.0276     -1.95     0.198     0.666    12  32712 
 1.6      0.98      0.98    0.0422     -1.93      0.26     0.666    12  32712 
 1.7      0.97      0.97    0.0678      -1.9     0.342     0.666    12  32712 
 1.8     0.957     0.957     0.117     -1.86     0.447     0.665    12  32712 
 1.9     0.939     0.939     0.178     -1.81     0.545     0.663    12  32712 
   2     0.913     0.913     0.313     -1.75     0.695     0.661    12  32712 
 2.1     0.871     0.871     0.774     -1.66     0.954     0.653    12  32712 
 2.2    -0.249       0.8      1.71     -1.55      1.21     0.633    12  32712 
 2.3     0.263     0.697      3.11     -1.42      1.45     0.591    12  32712 
 2.4   0.00884     0.582      3.57     -1.28      1.33     0.532    12  32712 
 2.5   -0.0659     0.487      3.64     -1.17      1.16     0.457    12  32712 
 2.6   0.00203     0.381      2.97     -1.05     0.861     0.352    12  32712 
 2.7    0.0256     0.333       2.4    -0.979     0.699       0.3    12  32712 
 2.8    0.0162     0.278      1.86    -0.913     0.554     0.221    12  32712 
 2.9  -0.00697     0.252      1.51    -0.862     0.471     0.189    12  32712 
   3   -0.0112     0.233      1.33    -0.823     0.431     0.148    12  32712 
 3.1  -0.00212     0.211      1.09    -0.781      0.37     0.101    12  32712 
 3.2  0.000967     0.199     0.941    -0.747     0.329     0.108    12  32712 
 3.3  -0.00354     0.184     0.783    -0.714     0.297    0.0986    12  32712 
 3.4  -0.00787     0.176     0.707    -0.688     0.276    0.0759    12  32712 
 3.5   0.00136     0.168      0.63    -0.661     0.248    0.0752    12  32712 
 3.6   0.00535      0.16     0.556    -0.638     0.231    0.0767    12  32712 
 3.7   -0.0046     0.154     0.499    -0.615     0.212    0.0574    12  32712 
 3.8   0.00324     0.144     0.437    -0.591     0.193    0.0507    12  32712 
 3.9   0.00855      0.14     0.404    -0.572     0.184    0.0397    12  32712 
   4  -0.00044     0.138      0.38    -0.557     0.172    0.0232    12  32712 
