 0.5         1         1         0        -2         0     0.667    10  26698 
 0.6         1         1  1.73e-05        -2  0.000462     0.667    10  26698 
 0.7         1         1  8.44e-05        -2   0.00193     0.667    10  26698 
 0.8         1         1  0.000246        -2   0.00478     0.667    10  26698 
 0.9         1         1  0.000659        -2    0.0111     0.667    10  26698 
   1     0.999     0.999    0.0016        -2    0.0239     0.667    10  26698 
 1.1     0.999     0.999   0.00305     -1.99    0.0401     0.667    10  26698 
 1.2     0.997     0.997   0.00594     -1.99    0.0668     0.667    10  26698 
 1.3     0.995     0.995    0.0102     -1.98       0.1     0.666    10  26698 
 1.4     0.991     0.991    0.0166     -1.97     0.145     0.666    10  26698 
 1.5     0.987     0.987    0.0279     -1.95     0.196     0.666    10  26698 
 1.6      0.98      0.98    0.0429     -1.93     0.263     0.666    10  26698 
 1.7      0.97      0.97    0.0695      -1.9     0.343     0.665    10  26698 
 1.8     0.957     0.957     0.109     -1.86     0.435     0.664    10  26698 
 1.9     0.938     0.938     0.207     -1.81     0.565     0.662    10  26698 
   2     0.908     0.908     0.451     -1.74     0.739     0.657    10  26698 
 2.1    -0.037     0.865     0.844     -1.66     0.963     0.647    10  26698 
 2.2    0.0469     0.804      1.45     -1.55      1.18     0.629    10  26698 
 2.3   -0.0199     0.729      2.01     -1.44      1.28     0.602    10  26698 
 2.4  -0.00169     0.631      2.58     -1.31       1.3     0.551    10  26698 
 2.5    0.0539     0.539       2.6     -1.19      1.12     0.494    10  26698 
 2.6  -0.00939     0.465      2.39     -1.09     0.937     0.432    10  26698 
 2.7   0.00857     0.401      2.06        -1     0.763      0.37    10  26698 
 2.8  -0.00902     0.342      1.69    -0.928     0.599     0.299    10  26698 
 2.9   0.00814     0.311      1.47    -0.877     0.523     0.254    10  26698 
   3  -0.00592     0.276       1.2    -0.825     0.436     0.202    10  26698 
 3.1 -0.000852     0.255      1.02    -0.784     0.383      0.18    10  26698 
 3.2   0.00123     0.239     0.905    -0.749     0.345     0.147    10  26698 
 3.3   0.00836     0.221     0.766    -0.715     0.301     0.122    10  26698 
 3.4  -0.00403     0.211      0.68    -0.687     0.274     0.126    10  26698 
 3.5   0.00364     0.201     0.614    -0.663     0.256      0.09    10  26698 
 3.6    0.0016     0.193     0.554    -0.638     0.234    0.0898    10  26698 
 3.7  -0.00171     0.183     0.492    -0.616     0.214    0.0768    10  26698 
 3.8  -0.00931     0.177     0.442    -0.594     0.195    0.0774    10  26698 
 3.9  -0.00211     0.172     0.418    -0.576     0.185    0.0625    10  26698 
   4 -0.000574     0.167     0.381    -0.559     0.173    0.0689    10  26698 
