 0.5         1         1         0        -2         0     0.667     8  24731 
 0.6         1         1  1.46e-05        -2  0.000389     0.667     8  24731 
 0.7         1         1  8.38e-05        -2   0.00192     0.667     8  24731 
 0.8         1         1  0.000206        -2   0.00395     0.667     8  24731 
 0.9         1         1  0.000673        -2    0.0114     0.667     8  24731 
   1     0.999     0.999   0.00151        -2    0.0229     0.667     8  24731 
 1.1     0.998     0.998   0.00301     -1.99      0.04     0.667     8  24731 
 1.2     0.997     0.997   0.00586     -1.99    0.0671     0.667     8  24731 
 1.3     0.994     0.994    0.0111     -1.98     0.107     0.666     8  24731 
 1.4     0.991     0.991     0.017     -1.97     0.145     0.666     8  24731 
 1.5     0.986     0.986    0.0277     -1.95     0.198     0.666     8  24731 
 1.6     0.979     0.979    0.0438     -1.93     0.267     0.665     8  24731 
 1.7      0.97      0.97     0.071      -1.9     0.349     0.664     8  24731 
 1.8      0.51     0.957     0.115     -1.86     0.436     0.663     8  24731 
 1.9      0.36     0.935     0.249      -1.8     0.604     0.659     8  24731 
   2    -0.135     0.908      0.42     -1.74     0.749     0.653     8  24731 
 2.1     0.201     0.877     0.561     -1.67     0.861     0.646     8  24731 
 2.2    -0.156     0.815     0.994     -1.56      1.09     0.627     8  24731 
 2.3    -0.109     0.755      1.36     -1.46      1.18     0.604     8  24731 
 2.4  -0.00333      0.68      1.62     -1.34      1.19     0.569     8  24731 
 2.5   -0.0252     0.603      1.76     -1.22      1.11     0.523     8  24731 
 2.6  -0.00808     0.528      1.73     -1.11     0.974     0.468     8  24731 
 2.7   -0.0159     0.464      1.58     -1.02     0.802     0.414     8  24731 
 2.8  -0.00598      0.42      1.41    -0.957     0.671     0.371     8  24731 
 2.9    0.0012     0.382      1.27    -0.897     0.586     0.321     8  24731 
   3   0.00647     0.346      1.08    -0.845     0.482     0.279     8  24731 
 3.1  0.000105     0.319     0.953    -0.796     0.424     0.239     8  24731 
 3.2   0.00641     0.299      0.83    -0.758     0.371     0.214     8  24731 
 3.3   0.00708     0.276     0.724     -0.72     0.321     0.179     8  24731 
 3.4    0.0086     0.266     0.669    -0.693     0.298      0.16     8  24731 
 3.5  -0.00705     0.249     0.578    -0.664     0.261     0.146     8  24731 
 3.6  -0.00113     0.242     0.524    -0.642     0.239     0.147     8  24731 
 3.7    0.0106     0.231     0.485    -0.619     0.224     0.108     8  24731 
 3.8   0.00207     0.225     0.443    -0.598     0.206     0.117     8  24731 
 3.9   0.00311     0.213     0.395    -0.575     0.186     0.102     8  24731 
   4  -0.00199     0.209     0.373    -0.558     0.177     0.099     8  24731 
