 0.5         1         1   1.6e-06        -2  5.12e-05     0.667    20  46934 
 0.6         1         1  1.53e-05        -2  0.000409     0.667    20  46934 
 0.7         1         1  5.69e-05        -2    0.0013     0.667    20  46934 
 0.8         1         1  0.000246        -2    0.0048     0.667    20  46934 
 0.9         1         1   0.00068        -2    0.0115     0.667    20  46934 
   1     0.999     0.999   0.00158        -2    0.0235     0.667    20  46934 
 1.1     0.998     0.998   0.00314     -1.99     0.041     0.667    20  46934 
 1.2     0.997     0.997   0.00577     -1.99    0.0668     0.667    20  46934 
 1.3     0.995     0.995      0.01     -1.98       0.1     0.667    20  46934 
 1.4     0.991     0.991     0.017     -1.97     0.146     0.667    20  46934 
 1.5     0.987     0.987    0.0271     -1.95     0.197     0.667    20  46934 
 1.6      0.98      0.98    0.0427     -1.93     0.261     0.666    20  46934 
 1.7      0.97      0.97    0.0694      -1.9     0.344     0.666    20  46934 
 1.8     0.957     0.957     0.104     -1.86     0.423     0.666    20  46934 
 1.9     0.938     0.938     0.209     -1.81     0.565     0.665    20  46934 
   2     0.911     0.911     0.388     -1.75     0.723     0.664    20  46934 
 2.1     0.869     0.869     0.835     -1.66     0.952      0.66    20  46934 
 2.2     0.182     0.791      3.18     -1.55       1.3     0.644    20  46934 
 2.3   -0.0972     0.649      6.89      -1.4      1.58     0.595    20  46934 
 2.4    -0.098     0.459      8.68     -1.24      1.39     0.471    20  46934 
 2.5 -0.000198     0.315      6.32     -1.12     0.974     0.311    20  46934 
 2.6   -0.0168     0.246      4.26     -1.03     0.751      0.22    20  46934 
 2.7  0.000298     0.198      2.99    -0.966     0.617      0.12    20  46934 
 2.8  -0.00723     0.176      2.32    -0.908     0.523     0.112    20  46934 
 2.9  -0.00149     0.153      1.73    -0.861     0.456    0.0855    20  46934 
   3  -0.00349     0.139      1.39    -0.817     0.403    0.0704    20  46934 
 3.1    0.0015     0.126      1.11    -0.779     0.359    0.0589    20  46934 
 3.2   0.00365     0.115     0.935    -0.744     0.325     0.022    20  46934 
 3.3   0.00366      0.11      0.82    -0.715     0.294    0.0302    20  46934 
 3.4   0.00137     0.104      0.71    -0.685     0.267    0.0413    20  46934 
 3.5   0.00135    0.0982     0.629     -0.66     0.251   0.00502    20  46934 
 3.6   0.00286    0.0958     0.569    -0.637     0.229    0.0397    20  46934 
 3.7   0.00197    0.0927     0.521    -0.614      0.21    0.0326    20  46934 
 3.8 -0.000117     0.089      0.47    -0.594     0.198    0.0246    20  46934 
 3.9  0.000228    0.0852     0.424    -0.575     0.183   0.00802    20  46934 
   4  -0.00067    0.0828     0.396    -0.558     0.172  -0.00299    20  46934 
