 0.5         1         1         0        -2         0     0.667     4  42922 
 0.6         1         1         0        -2         0     0.667     4  42922 
 0.7         1         1  5.36e-05        -2   0.00122     0.667     4  42922 
 0.8         1         1  0.000375        -2   0.00695     0.667     4  42922 
 0.9         1         1  0.000541        -2   0.00918     0.667     4  42922 
   1     0.999     0.999   0.00144        -2    0.0217     0.667     4  42922 
 1.1     0.998     0.998   0.00298     -1.99    0.0404     0.666     4  42922 
 1.2     0.997     0.997   0.00562     -1.99    0.0632     0.666     4  42922 
 1.3    -0.434     0.995    0.0118     -1.98     0.101     0.666     4  42922 
 1.4     0.273     0.991    0.0191     -1.97      0.15     0.665     4  42922 
 1.5     0.406     0.987    0.0247     -1.95      0.19     0.664     4  42922 
 1.6    0.0914     0.979    0.0462     -1.93     0.261     0.662     4  42922 
 1.7    -0.152     0.972    0.0602      -1.9     0.319     0.661     4  42922 
 1.8     0.162     0.954     0.112     -1.85     0.454     0.655     4  42922 
 1.9    0.0477     0.936     0.153      -1.8     0.542      0.65     4  42922 
   2   -0.0102     0.918     0.199     -1.75     0.614     0.645     4  42922 
 2.1    0.0111     0.893     0.248     -1.69     0.684     0.636     4  42922 
 2.2   -0.0609     0.868     0.297     -1.62     0.735     0.627     4  42922 
 2.3   -0.0372     0.825     0.391     -1.53     0.818     0.609     4  42922 
 2.4    0.0399     0.799     0.414     -1.46     0.815     0.597     4  42922 
 2.5   -0.0542     0.766     0.452     -1.38     0.809     0.582     4  42922 
 2.6  -0.00369     0.725     0.478     -1.29     0.785     0.561     4  42922 
 2.7     0.012     0.688     0.495     -1.21     0.754     0.539     4  42922 
 2.8    0.0168     0.664     0.491     -1.15      0.71     0.524     4  42922 
 2.9   -0.0256     0.634     0.483     -1.09     0.648     0.505     4  42922 
   3   0.00208       0.6     0.476     -1.01     0.594      0.48     4  42922 
 3.1    0.0271     0.565      0.47    -0.945     0.555     0.449     4  42922 
 3.2    0.0201     0.551     0.444     -0.91     0.502      0.44     4  42922 
 3.3    -0.022     0.534     0.428    -0.872     0.462     0.424     4  42922 
 3.4  -0.00209     0.504     0.398    -0.808     0.407     0.398     4  42922 
 3.5  -0.00417     0.492     0.383    -0.781      0.38     0.384     4  42922 
 3.6    0.0159     0.472     0.359     -0.74     0.339     0.366     4  42922 
 3.7   0.00259     0.453     0.343    -0.704     0.308     0.341     4  42922 
 3.8  6.88e-05     0.443     0.321    -0.676     0.281     0.336     4  42922 
 3.9   0.00579     0.429     0.302    -0.646     0.253     0.322     4  42922 
   4   0.00609     0.414     0.296     -0.62     0.241     0.294     4  42922 
