 0.5         1         1         0        -2         0     0.667    16  46877 
 0.6         1         1  1.04e-05        -2  0.000278     0.667    16  46877 
 0.7         1         1  6.54e-05        -2   0.00148     0.667    16  46877 
 0.8         1         1  0.000238        -2   0.00452     0.667    16  46877 
 0.9         1         1  0.000631        -2    0.0109     0.667    16  46877 
   1     0.999     0.999   0.00158        -2    0.0236     0.667    16  46877 
 1.1     0.998     0.998    0.0033     -1.99    0.0425     0.667    16  46877 
 1.2     0.997     0.997   0.00589     -1.99    0.0674     0.667    16  46877 
 1.3     0.995     0.995    0.0103     -1.98     0.102     0.667    16  46877 
 1.4     0.991     0.991    0.0166     -1.97     0.142     0.667    16  46877 
 1.5     0.987     0.987    0.0266     -1.95     0.197     0.666    16  46877 
 1.6      0.98      0.98    0.0418     -1.93     0.259     0.666    16  46877 
 1.7      0.97      0.97    0.0718      -1.9     0.338     0.666    16  46877 
 1.8     0.957     0.957     0.119     -1.86     0.441     0.666    16  46877 
 1.9     0.939     0.939     0.189     -1.81     0.554     0.665    16  46877 
   2     0.912     0.912     0.373     -1.75     0.726     0.663    16  46877 
 2.1     0.314     0.871      0.79     -1.66      0.93     0.657    16  46877 
 2.2    -0.254     0.791      2.57     -1.55      1.32     0.638    16  46877 
 2.3   0.00412     0.671      4.86     -1.41      1.52     0.593    16  46877 
 2.4    0.0492     0.523      5.98     -1.26      1.41     0.509    16  46877 
 2.5   -0.0273     0.384      5.21     -1.13      1.05     0.375    16  46877 
 2.6   0.00195     0.306      3.96     -1.04     0.825     0.271    16  46877 
 2.7  -0.00601     0.252      2.91    -0.969     0.644      0.19    16  46877 
 2.8   -0.0215     0.215      2.17    -0.909     0.532     0.119    16  46877 
 2.9   0.00461     0.191      1.68    -0.861     0.469     0.102    16  46877 
   3  -0.00847     0.174      1.35    -0.818     0.409     0.101    16  46877 
 3.1    0.0118     0.159      1.13     -0.78     0.358    0.0693    16  46877 
 3.2   0.00154     0.149     0.971    -0.746     0.327    0.0595    16  46877 
 3.3  -0.00295     0.139     0.811    -0.715     0.297    0.0663    16  46877 
 3.4  0.000824      0.13     0.695    -0.685     0.268    0.0465    16  46877 
 3.5    0.0004     0.124     0.619     -0.66     0.246     0.049    16  46877 
 3.6  -0.00471     0.118     0.548    -0.636     0.228    0.0342    16  46877 
 3.7  0.000803     0.116     0.513    -0.614      0.21    0.0342    16  46877 
 3.8    0.0022      0.11     0.463    -0.595     0.196    0.0252    16  46877 
 3.9  -0.00186     0.106     0.416    -0.575     0.184    0.0292    16  46877 
   4  0.000324     0.104     0.385    -0.558     0.172    0.0355    16  46877 
