 0.5         1         1         0        -2         0     0.667    12  48680 
 0.6         1         1  1.48e-05        -2  0.000395     0.667    12  48680 
 0.7         1         1  6.42e-05        -2   0.00147     0.667    12  48680 
 0.8         1         1  0.000235        -2   0.00463     0.667    12  48680 
 0.9         1         1  0.000659        -2    0.0113     0.667    12  48680 
   1     0.999     0.999   0.00161        -2    0.0238     0.667    12  48680 
 1.1     0.998     0.998   0.00303     -1.99    0.0401     0.667    12  48680 
 1.2     0.997     0.997    0.0058     -1.99    0.0669     0.667    12  48680 
 1.3     0.995     0.995   0.00998     -1.98     0.101     0.667    12  48680 
 1.4     0.991     0.991    0.0164     -1.97      0.14     0.666    12  48680 
 1.5     0.987     0.987    0.0269     -1.95     0.193     0.666    12  48680 
 1.6      0.98      0.98    0.0427     -1.93     0.264     0.666    12  48680 
 1.7      0.97      0.97    0.0688      -1.9     0.346     0.666    12  48680 
 1.8     0.957     0.957     0.112     -1.86     0.439     0.665    12  48680 
 1.9     0.939     0.939     0.178     -1.81     0.548     0.663    12  48680 
   2     0.913     0.913     0.328     -1.75     0.693     0.661    12  48680 
 2.1    -0.528     0.863     0.966     -1.65      0.98      0.65    12  48680 
 2.2     0.144     0.804       1.7     -1.56      1.22     0.634    12  48680 
 2.3   -0.0321     0.712      2.71     -1.43      1.38     0.602    12  48680 
 2.4   -0.0151     0.593      3.52     -1.29      1.34      0.54    12  48680 
 2.5    0.0354      0.48      3.52     -1.16      1.13     0.455    12  48680 
 2.6 -0.000858     0.403      3.05     -1.06      0.89     0.381    12  48680 
 2.7  -0.00884     0.326       2.4    -0.978     0.694     0.279    12  48680 
 2.8   0.00802     0.287       1.9    -0.917     0.567     0.237    12  48680 
 2.9  -0.00683     0.253      1.54    -0.864     0.471     0.189    12  48680 
   3   0.00649     0.234      1.33    -0.822     0.433      0.15    12  48680 
 3.1  -0.00289     0.213      1.07    -0.781     0.369     0.131    12  48680 
 3.2   0.00341     0.193      0.88    -0.746     0.331    0.0915    12  48680 
 3.3  -0.00264     0.184     0.783    -0.715       0.3    0.0894    12  48680 
 3.4  0.000524     0.176     0.704    -0.686     0.275    0.0838    12  48680 
 3.5  -0.00395     0.166     0.616    -0.661     0.248    0.0712    12  48680 
 3.6 -1.69e-05     0.159     0.558    -0.637      0.23    0.0547    12  48680 
 3.7 -0.000221     0.151     0.491    -0.615     0.211    0.0511    12  48680 
 3.8  -0.00379     0.146     0.448    -0.593     0.199    0.0474    12  48680 
 3.9   0.00222     0.142      0.41    -0.576     0.182    0.0445    12  48680 
   4 -0.000241     0.139     0.386    -0.558      0.17    0.0496    12  48680 
