 0.5         1         1         0        -2         0     0.667     4  59832 
 0.6         1         1         0        -2         0     0.667     4  59832 
 0.7         1         1  8.57e-05        -2   0.00196     0.667     4  59832 
 0.8         1         1  0.000325        -2   0.00628     0.667     4  59832 
 0.9         1         1  0.000732        -2    0.0127     0.667     4  59832 
   1     0.999     0.999   0.00158        -2    0.0238     0.667     4  59832 
 1.1     0.999     0.999    0.0031     -1.99    0.0386     0.666     4  59832 
 1.2     0.997     0.997   0.00626     -1.99    0.0685     0.666     4  59832 
 1.3     0.995     0.995    0.0103     -1.98     0.101     0.666     4  59832 
 1.4     0.789     0.991    0.0175     -1.97     0.144     0.665     4  59832 
 1.5      0.25     0.987    0.0271     -1.95     0.193     0.664     4  59832 
 1.6   -0.0887     0.979    0.0467     -1.93     0.262     0.662     4  59832 
 1.7    -0.129     0.969    0.0738      -1.9      0.35      0.66     4  59832 
 1.8      0.18     0.956     0.105     -1.86     0.431     0.656     4  59832 
 1.9   -0.0489     0.938     0.153     -1.81     0.528     0.651     4  59832 
   2    0.0266      0.92     0.189     -1.76     0.595     0.645     4  59832 
 2.1    0.0183     0.892     0.258     -1.69     0.703     0.635     4  59832 
 2.2    0.0945     0.867     0.305     -1.62     0.741     0.627     4  59832 
 2.3   -0.0424     0.828     0.376     -1.53     0.816     0.611     4  59832 
 2.4    0.0319     0.806      0.39     -1.47     0.792     0.602     4  59832 
 2.5    0.0139     0.766     0.446     -1.38     0.809     0.582     4  59832 
 2.6   0.00925     0.729     0.473      -1.3     0.782     0.563     4  59832 
 2.7   -0.0114     0.698     0.482     -1.23     0.749     0.546     4  59832 
 2.8   -0.0155     0.666     0.489     -1.16     0.707     0.526     4  59832 
 2.9  -0.00978     0.632     0.489     -1.08      0.66     0.503     4  59832 
   3   0.00258     0.597      0.48     -1.01     0.608     0.477     4  59832 
 3.1  -0.00142     0.571      0.46    -0.952     0.545     0.456     4  59832 
 3.2   0.00087     0.555     0.441    -0.915       0.5     0.444     4  59832 
 3.3   0.00782     0.527     0.423    -0.859     0.453      0.42     4  59832 
 3.4   0.00286      0.51     0.406    -0.823     0.421       0.4     4  59832 
 3.5   0.00019     0.487     0.381    -0.771     0.376      0.38     4  59832 
 3.6 -0.000338     0.471     0.361    -0.738      0.34     0.363     4  59832 
 3.7  -0.00868     0.457     0.345    -0.708     0.313     0.347     4  59832 
 3.8  -0.00817     0.445      0.33    -0.681      0.29     0.333     4  59832 
 3.9  -0.00111     0.429     0.308    -0.647      0.26     0.317     4  59832 
   4   0.00464     0.419     0.292    -0.626     0.242     0.304     4  59832 
