 0.5         1         1         0        -2         0     0.667    10   5381 
 0.6         1         1     1e-05        -2  0.000267     0.667    10   5381 
 0.7         1         1  7.42e-05        -2    0.0017     0.667    10   5381 
 0.8         1         1  0.000222        -2   0.00443     0.667    10   5381 
 0.9         1         1  0.000617        -2    0.0105     0.667    10   5381 
   1     0.999     0.999   0.00168        -2     0.023     0.667    10   5381 
 1.1     0.999     0.999   0.00308     -1.99    0.0396     0.667    10   5381 
 1.2     0.997     0.997   0.00603     -1.99    0.0688     0.667    10   5381 
 1.3     0.995     0.995   0.00964     -1.98    0.0975     0.667    10   5381 
 1.4     0.992     0.992    0.0153     -1.97     0.136     0.666    10   5381 
 1.5     0.986     0.986    0.0299     -1.95     0.206     0.666    10   5381 
 1.6     0.979     0.979    0.0464     -1.93     0.269     0.666    10   5381 
 1.7     0.969     0.969    0.0713      -1.9     0.346     0.665    10   5381 
 1.8     0.956     0.956     0.119     -1.86     0.461     0.664    10   5381 
 1.9     0.938     0.938     0.211     -1.81     0.572     0.662    10   5381 
   2     0.911     0.911     0.373     -1.75     0.726     0.658    10   5381 
 2.1     0.609     0.875     0.601     -1.67     0.882     0.651    10   5381 
 2.2    -0.212      0.81      1.41     -1.56      1.16      0.63    10   5381 
 2.3    -0.103     0.725      2.07     -1.43      1.34     0.598    10   5381 
 2.4    0.0437     0.639       2.4     -1.31      1.24     0.558    10   5381 
 2.5   0.00575     0.535      2.62     -1.18      1.14     0.487    10   5381 
 2.6    0.0352     0.453      2.42     -1.08     0.936     0.416    10   5381 
 2.7   -0.0201     0.397      2.02        -1      0.74     0.365    10   5381 
 2.8  -0.00565      0.34      1.71    -0.925     0.622     0.289    10   5381 
 2.9   0.00986     0.304      1.46    -0.877     0.517     0.231    10   5381 
   3     0.023     0.279      1.23    -0.829     0.446     0.199    10   5381 
 3.1   0.00059     0.255      1.05    -0.784     0.383     0.168    10   5381 
 3.2    0.0135     0.238     0.895    -0.748     0.341     0.151    10   5381 
 3.3  0.000216     0.223     0.778    -0.717     0.306     0.131    10   5381 
 3.4  -0.00162     0.209     0.673    -0.687      0.27      0.11    10   5381 
 3.5  -0.00763     0.201     0.609    -0.662     0.247     0.113    10   5381 
 3.6   0.00843     0.191     0.541    -0.638     0.234    0.0928    10   5381 
 3.7   0.00574     0.185     0.502    -0.615     0.213    0.0869    10   5381 
 3.8  -0.00131     0.177     0.444    -0.592     0.199    0.0813    10   5381 
 3.9   0.00645     0.171     0.409    -0.574     0.185     0.072    10   5381 
   4  -0.00228     0.167      0.38     -0.56      0.17    0.0721    10   5381 
