 0.5         1         1         0        -2         0     0.667    16  40623 
 0.6         1         1   1.3e-05        -2  0.000347     0.667    16  40623 
 0.7         1         1  7.79e-05        -2   0.00178     0.667    16  40623 
 0.8         1         1  0.000246        -2   0.00482     0.667    16  40623 
 0.9         1         1  0.000638        -2    0.0111     0.667    16  40623 
   1     0.999     0.999   0.00166        -2    0.0247     0.667    16  40623 
 1.1     0.998     0.998   0.00327     -1.99     0.042     0.667    16  40623 
 1.2     0.997     0.997   0.00595     -1.99    0.0686     0.667    16  40623 
 1.3     0.995     0.995    0.0104     -1.98     0.103     0.667    16  40623 
 1.4     0.991     0.991    0.0171     -1.97     0.147     0.667    16  40623 
 1.5     0.986     0.986    0.0281     -1.95     0.202     0.666    16  40623 
 1.6      0.98      0.98    0.0415     -1.93      0.26     0.666    16  40623 
 1.7      0.97      0.97    0.0681      -1.9     0.341     0.666    16  40623 
 1.8     0.957     0.957     0.108     -1.86     0.435     0.666    16  40623 
 1.9     0.939     0.939     0.179     -1.81     0.538     0.665    16  40623 
   2     0.914     0.914      0.31     -1.75     0.684     0.663    16  40623 
 2.1     0.874     0.874     0.693     -1.67     0.916     0.658    16  40623 
 2.2     0.629     0.792      2.58     -1.55      1.32     0.638    16  40623 
 2.3     0.377     0.652      5.47      -1.4      1.59     0.581    16  40623 
 2.4    0.0987     0.509      6.16     -1.25      1.43      0.49    16  40623 
 2.5  -0.00015     0.379      5.05     -1.13      1.02     0.377    16  40623 
 2.6    0.0311     0.308      4.09     -1.04      0.84     0.264    16  40623 
 2.7  -0.00721     0.253      2.76    -0.968     0.621      0.23    16  40623 
 2.8   0.00352     0.216      2.08    -0.907     0.522     0.181    16  40623 
 2.9    0.0021     0.193      1.71    -0.863     0.463     0.118    16  40623 
   3   0.00589     0.166      1.29    -0.815     0.403    0.0785    16  40623 
 3.1    -0.011     0.159      1.12    -0.777     0.359    0.0821    16  40623 
 3.2  -0.00307     0.144     0.903    -0.744     0.329    0.0439    16  40623 
 3.3  -0.00103     0.139     0.811    -0.716     0.293    0.0589    16  40623 
 3.4   0.00467     0.129     0.713    -0.687     0.275    0.0324    16  40623 
 3.5  -0.00239     0.122     0.605    -0.658     0.251    0.0366    16  40623 
 3.6  0.000143     0.119     0.574    -0.635     0.227    0.0176    16  40623 
 3.7  -0.00269     0.115     0.514    -0.614     0.211    0.0393    16  40623 
 3.8 -0.000372      0.11     0.458    -0.595     0.198    0.0333    16  40623 
 3.9  -0.00133     0.107     0.425    -0.576     0.184    0.0257    16  40623 
   4  -0.00335     0.104     0.394    -0.556     0.173   0.00438    16  40623 
