 0.5         1         1         0        -2         0     0.667     6   6503 
 0.6         1         1  1.11e-05        -2  0.000296     0.667     6   6503 
 0.7         1         1  4.13e-05        -2  0.000943     0.667     6   6503 
 0.8         1         1  0.000258        -2   0.00506     0.667     6   6503 
 0.9         1         1  0.000688        -2    0.0115     0.667     6   6503 
   1     0.999     0.999   0.00163        -2    0.0248     0.667     6   6503 
 1.1     0.998     0.998   0.00315     -1.99    0.0411     0.667     6   6503 
 1.2     0.997     0.997   0.00606     -1.99    0.0691     0.666     6   6503 
 1.3     0.995     0.995    0.0104     -1.98     0.104     0.666     6   6503 
 1.4     0.991     0.991     0.017     -1.97     0.144     0.666     6   6503 
 1.5     0.986     0.986    0.0274     -1.95     0.198     0.665     6   6503 
 1.6     0.822      0.98    0.0446     -1.93     0.265     0.664     6   6503 
 1.7     0.198     0.969    0.0758      -1.9     0.357     0.663     6   6503 
 1.8    -0.352     0.957     0.116     -1.86     0.433     0.661     6   6503 
 1.9     -0.05     0.939     0.171     -1.81     0.547     0.657     6   6503 
   2      0.18     0.915     0.271     -1.75     0.665     0.651     6   6503 
 2.1    -0.073      0.88     0.426     -1.67     0.814     0.641     6   6503 
 2.2   -0.0511     0.835     0.621     -1.58     0.954     0.625     6   6503 
 2.3   -0.0949      0.79     0.762     -1.49      1.01     0.609     6   6503 
 2.4    0.0567     0.733     0.913     -1.38      1.04     0.583     6   6503 
 2.5    0.0463     0.679     0.983     -1.28         1     0.556     6   6503 
 2.6     0.014     0.619      1.05     -1.18     0.941     0.517     6   6503 
 2.7    0.0288     0.565      1.03     -1.09      0.83      0.48     6   6503 
 2.8    0.0123     0.521     0.978     -1.01     0.728     0.444     6   6503 
 2.9  0.000737     0.483     0.925    -0.947     0.644     0.409     6   6503 
   3    0.0108      0.45     0.837    -0.889     0.553     0.378     6   6503 
 3.1  -0.00537     0.418     0.766    -0.835     0.487     0.342     6   6503 
 3.2  0.000669     0.392     0.702    -0.789     0.427     0.309     6   6503 
 3.3 -0.000187     0.368     0.628    -0.745     0.372      0.28     6   6503 
 3.4   0.00687     0.352     0.575    -0.713      0.33     0.263     6   6503 
 3.5 -0.000164     0.337     0.526    -0.684     0.295     0.244     6   6503 
 3.6    0.0037     0.323     0.488    -0.657     0.271      0.22     6   6503 
 3.7  -0.00993      0.31     0.446    -0.631     0.244     0.206     6   6503 
 3.8  -0.00238     0.299     0.411    -0.606     0.221     0.192     6   6503 
 3.9  -0.00651     0.289     0.383    -0.587     0.204     0.178     6   6503 
   4  -0.00201     0.281     0.352    -0.568     0.186     0.168     6   6503 
