 0.5         1         1         0        -2         0     0.667     8  53517 
 0.6         1         1         0        -2         0     0.667     8  53517 
 0.7         1         1  5.35e-05        -2   0.00122     0.667     8  53517 
 0.8         1         1  0.000168        -2   0.00335     0.667     8  53517 
 0.9         1         1  0.000661        -2    0.0112     0.667     8  53517 
   1     0.999     0.999    0.0015        -2    0.0224     0.667     8  53517 
 1.1     0.998     0.998    0.0032     -1.99    0.0412     0.667     8  53517 
 1.2     0.997     0.997   0.00601     -1.99    0.0668     0.667     8  53517 
 1.3     0.995     0.995    0.0102     -1.98     0.101     0.666     8  53517 
 1.4     0.991     0.991    0.0177     -1.97     0.146     0.666     8  53517 
 1.5     0.986     0.986    0.0284     -1.95     0.203     0.666     8  53517 
 1.6      0.98      0.98    0.0392     -1.93     0.256     0.665     8  53517 
 1.7     0.971     0.971    0.0674      -1.9     0.333     0.664     8  53517 
 1.8     0.959     0.959    0.0926     -1.86     0.407     0.663     8  53517 
 1.9     0.612     0.936     0.238     -1.81     0.589     0.659     8  53517 
   2     0.364      0.91     0.377     -1.75     0.723     0.654     8  53517 
 2.1    -0.237     0.875     0.523     -1.66     0.857     0.647     8  53517 
 2.2     -0.33     0.829     0.879     -1.58      1.02     0.632     8  53517 
 2.3   -0.0292     0.751      1.33     -1.45      1.18     0.602     8  53517 
 2.4    0.0031     0.685       1.6     -1.35      1.15     0.572     8  53517 
 2.5   -0.0546     0.594      1.78     -1.21      1.08     0.517     8  53517 
 2.6    0.0404     0.523      1.76     -1.11     0.957     0.464     8  53517 
 2.7    0.0171     0.469       1.6     -1.03     0.798      0.42     8  53517 
 2.8   -0.0123     0.421       1.4    -0.958     0.672     0.372     8  53517 
 2.9  -0.00335      0.38      1.23    -0.891     0.567     0.328     8  53517 
   3  -0.00291     0.343      1.06    -0.841     0.476     0.279     8  53517 
 3.1   -0.0109     0.316     0.947    -0.793     0.425     0.233     8  53517 
 3.2  -0.00782     0.295     0.815    -0.754     0.368      0.21     8  53517 
 3.3    0.0202     0.282     0.724    -0.723     0.318     0.203     8  53517 
 3.4  -0.00634     0.263     0.634    -0.689      0.29     0.168     8  53517 
 3.5   -0.0107     0.253     0.594    -0.665     0.268     0.149     8  53517 
 3.6  -0.00868     0.239      0.51    -0.639      0.23     0.154     8  53517 
 3.7  -0.00516     0.231     0.481    -0.619     0.222     0.126     8  53517 
 3.8     0.001     0.221     0.427    -0.593       0.2     0.117     8  53517 
 3.9  -0.00401     0.215       0.4    -0.576     0.186     0.116     8  53517 
   4  -0.00035     0.205     0.366    -0.555     0.172     0.086     8  53517 
