 0.5         1         1         0        -2         0     0.667     6  34685 
 0.6         1         1         0        -2         0     0.667     6  34685 
 0.7         1         1  8.73e-05        -2   0.00199     0.667     6  34685 
 0.8         1         1  0.000243        -2   0.00461     0.667     6  34685 
 0.9         1         1   0.00073        -2    0.0128     0.667     6  34685 
   1     0.999     0.999   0.00156        -2    0.0233     0.667     6  34685 
 1.1     0.998     0.998   0.00298     -1.99    0.0409     0.667     6  34685 
 1.2     0.997     0.997   0.00602     -1.99    0.0704     0.666     6  34685 
 1.3     0.995     0.995   0.00991     -1.98    0.0988     0.666     6  34685 
 1.4     0.991     0.991    0.0187     -1.97     0.151     0.666     6  34685 
 1.5     0.986     0.986     0.026     -1.95     0.196     0.665     6  34685 
 1.6     0.979     0.979    0.0491     -1.93     0.273     0.664     6  34685 
 1.7     0.968     0.968    0.0942      -1.9     0.364     0.662     6  34685 
 1.8     0.467     0.955     0.134     -1.86     0.458      0.66     6  34685 
 1.9     0.381     0.935      0.21      -1.8     0.592     0.656     6  34685 
   2     0.548     0.914     0.291     -1.75     0.675     0.651     6  34685 
 2.1    0.0145     0.882     0.422     -1.67     0.804     0.641     6  34685 
 2.2    0.0257     0.847     0.542      -1.6     0.891     0.631     6  34685 
 2.3    0.0035     0.781     0.822     -1.48      1.04     0.604     6  34685 
 2.4   -0.0706     0.738     0.904     -1.39      1.05     0.585     6  34685 
 2.5   0.00329     0.679      1.02     -1.29      1.01     0.554     6  34685 
 2.6    0.0607     0.635      1.01      -1.2     0.931      0.53     6  34685 
 2.7    -0.087     0.562      1.01     -1.08     0.828     0.479     6  34685 
 2.8    0.0121     0.523     0.984     -1.01     0.747     0.445     6  34685 
 2.9     -0.02     0.482     0.913    -0.942     0.634     0.409     6  34685 
   3    0.0459     0.451     0.828    -0.891     0.548     0.381     6  34685 
 3.1  0.000567     0.421     0.766    -0.836     0.485     0.345     6  34685 
 3.2     0.025     0.395     0.698    -0.793     0.429     0.314     6  34685 
 3.3  0.000314     0.377     0.647    -0.756     0.382     0.293     6  34685 
 3.4  -0.00997     0.352     0.581    -0.717     0.333     0.256     6  34685 
 3.5    0.0187     0.336     0.522     -0.68     0.294     0.241     6  34685 
 3.6   0.00531     0.322     0.481    -0.657     0.262     0.225     6  34685 
 3.7 -0.000786     0.311     0.442    -0.631     0.247     0.207     6  34685 
 3.8  -0.00867     0.295     0.402    -0.602     0.216     0.189     6  34685 
 3.9   0.00108     0.289      0.38    -0.588     0.198     0.181     6  34685 
   4 -0.000525     0.282     0.356    -0.568     0.189     0.176     6  34685 
