 0.5         1         1         0        -2         0     0.667    20  19952 
 0.6         1         1   1.5e-05        -2    0.0004     0.667    20  19952 
 0.7         1         1  5.05e-05        -2   0.00116     0.667    20  19952 
 0.8         1         1  0.000215        -2   0.00416     0.667    20  19952 
 0.9         1         1  0.000714        -2    0.0121     0.667    20  19952 
   1     0.999     0.999   0.00162        -2    0.0238     0.667    20  19952 
 1.1     0.998     0.998   0.00318     -1.99    0.0419     0.667    20  19952 
 1.2     0.997     0.997   0.00572     -1.99    0.0641     0.667    20  19952 
 1.3     0.995     0.995    0.0101     -1.98       0.1     0.667    20  19952 
 1.4     0.991     0.991    0.0178     -1.97     0.149     0.667    20  19952 
 1.5     0.987     0.987    0.0265     -1.95     0.197     0.667    20  19952 
 1.6      0.98      0.98    0.0437     -1.93     0.269     0.666    20  19952 
 1.7      0.97      0.97    0.0707      -1.9     0.344     0.666    20  19952 
 1.8     0.957     0.957      0.12     -1.86     0.449     0.666    20  19952 
 1.9     0.938     0.938     0.186     -1.81     0.553     0.665    20  19952 
   2     0.911     0.911     0.443     -1.75     0.695     0.664    20  19952 
 2.1     0.875     0.875     0.656     -1.67     0.919     0.661    20  19952 
 2.2     0.355     0.794      2.73     -1.55       1.3     0.646    20  19952 
 2.3    -0.195     0.655      7.08     -1.41      1.61     0.595    20  19952 
 2.4    0.0642     0.461      8.25     -1.24      1.34     0.474    20  19952 
 2.5   -0.0162     0.304      6.22     -1.11     0.941     0.282    20  19952 
 2.6    0.0181      0.24      4.17     -1.03     0.732     0.205    20  19952 
 2.7   0.00861     0.196      2.98    -0.963     0.623     0.123    20  19952 
 2.8   -0.0111     0.169      2.17     -0.91     0.524    0.0924    20  19952 
 2.9    0.0062     0.152      1.69     -0.86     0.465     0.095    20  19952 
   3   -0.0113      0.14      1.39    -0.818     0.402    0.0918    20  19952 
 3.1   0.00065     0.125      1.09    -0.782     0.348    0.0383    20  19952 
 3.2  -0.00194     0.119     0.975    -0.744     0.322    0.0329    20  19952 
 3.3   0.00202     0.109     0.828    -0.713     0.293    0.0213    20  19952 
 3.4   0.00482     0.105     0.705    -0.687     0.266    0.0534    20  19952 
 3.5   0.00129    0.0994     0.635     -0.66     0.246    0.0187    20  19952 
 3.6   0.00691     0.096     0.572    -0.635     0.231    0.0172    20  19952 
 3.7    0.0048    0.0898     0.505    -0.615     0.218  -0.00698    20  19952 
 3.8   0.00347    0.0879     0.464    -0.594     0.199    0.0103    20  19952 
 3.9  -0.00259    0.0854     0.418    -0.575     0.186    0.0277    20  19952 
   4   0.00173    0.0839       0.4    -0.557     0.171   0.00858    20  19952 
